0	广州东站	2	0	3		3	1	64	65		
1	体育中心	1	0			2	0	2	
2	体育西路	3	0	2	3	5	1	3	43	44	65
3	杨箕	2	0	5		4	2	4	97	98
4	东山口	2	0	6		4	3	5	96	118
5	烈士陵园	1	0			2	4	6
6	农讲所	1	0			2	5	7
7	公园前	2	0	1		4	6 	8	26	27
8	西门口	1	0			2	7	9
9	陈家祠	2	0	8		4	8	10	147	148
10	长寿路	1	0			2	9	11
11	黄沙	2	0	6		4	10	12	113	114
12	芳村	1	0			2	11	13
13	花地湾	1	0			2	12	14	
14	坑口	1	0			2	13	15
15	西i	2	0	13		3	14	226	227
16	嘉禾望岗	3	1	3	11	4	17	58	59	191
17	黄边	1	1			2	16	18
18	江夏	1	1			2	17	19
19	萧岗	1	1			2	18	20
20	白云文化广场	1	1			2	19	21
21	白云公园	1	1			2	20	22
22	飞翔公园	1	1			2	21	23
23	三元里	1	1			2	22	24
24	广州火车站	2	1	5		4	23	25	93	94
25	越秀公园	1	1			2	24	26
26	纪念堂	1	1			2	25	27
27	海珠广场	2	1	6		4	7	28	115	116
28	市二宫	1	1			2	27	29		
29	江南西	1	1			2	28	30
30	昌岗	2	1	8		4	29	31	152	153
31	江泰路	1	1			2	30	32	
32	东晓南	1	1			2	31	33
33	南洲	2	1	13		4	32	34	48	230
34	洛溪	1	1			2	33	35
35	南浦	1	1			2	34	36
36	会江	1	1			2	35	37
37	石壁	2	1	7		3	36	38	133
38	广州南站	2	1	7		1	37
39	天河客运站	2	2	6		3	40	64	122
40	五山	1	2			2	39	41
41	华师	1	2			2	40	42
42	岗顶	1	2			2	41	43
43	石牌桥	1	2			2	2	42
44	珠江新城	2	2	5		4	2	45	98	99
45	广州塔	2	2	14		3	44	46	237
46	客村	2	2	8		4	45	47	155	156
47	大塘	1	2			2	46	48
48	沥	2	2	13		3	33	47	49
49	厦	1	2			2	48	50
50	大石	1	2			2	49	51
51	汉溪长隆	2	2	7		4	50	52	134	135
52	市桥	1	2			2	51	53
53	番禺广场	1	2			1	52
54	机场北	1	3			1	55
55	机场南	1	3			2	54	56
56	高增	2	3	9		3	55	57	169
57	人和	1	3			2	56	58
58	龙归	1	3			2	16	57	
59	白云大道北	1	3			2	16	60
60	永泰	1	3			2	59	61
61	同和	1	3			2	60	62
62	京溪南方医院	1	3			2	61	63
63	梅花园	1	3			2	62	64
64	燕塘	2	3	6		4	0	39	63	121	
65	林和西	2	3	14		3	0	2	231
66	南沙客运港	1	4			1	67
67	南横	1	4			2	66	68
68	塘坑	1	4			2	67	69
69	大涌	1	4			2	68	70
70	广隆	1	4			2	69 	71
71	飞沙角	1	4			2	70	72
72	金洲	1	4			2	71	73
73	蕉门	1	4			2	72	74
74	黄阁	1	4			2	73	75
75	黄阁汽车城	1	4			2	74	76
76	庆盛	1	4			2	75	77
77	东涌	1	4			2	76	78
78	低涌	1	4			2	77	79
79	海傍	1	4			2	78	80
80	石	1	4			2	79 	81
81	新造	1	4			2	80	82
82	大学城南	2	4	7		3	81	83	137
83	大学城北	1	4			2	82	84
84	官洲	1	4			2	83	85
85	万胜围	2	4	8		3	84	86	159	
86	车陂南	2	4	5		4	85	87	102	103
87	车陂	1	4			2	86	88
88	黄村	2	4	12		3	87	207	208
89	蚩	1	5			1	90
90	坦尾	2	5	6		4	89	91	112	113
91	中山八	1	5			2	90	92
92	西场	1	5			2	91	93
93	西村	1	5			2	24	92	
94	小北	1	5			2	24	95
95	淘金	1	5			2	94	96
96	区庄	2	5	6		4	4	95	97	119
97	动物园	1	5			2	3	96
98	五羊	1	5			2	3	44
99	猎德	1	5			2	44	100
100	潭村	1	5			2	99	101
101	员村	2	5	12		3	100	102	209
102	科韵路	1	5			2	86	101
103	东圃	1	5			2	86	104
104	三溪	1	5			2	103	105
105	鱼珠	2	5	10		3	104	106	179
106	大沙地	1	5			2	105	107
107	大沙东	1	5			2	106	108
108	文冲	1	5			1	107
109	浔峰岗	1	6			1	110
110	横沙	1	6			2	109	111
111	沙贝	1	6			2	110	112
112	河沙	1	6			2	90	111	
113	如意坊	1	6			2	11	90	
114	文化公园	2	6	8		4	11	115	148	149
115	一德路	1	6			2	27	114	
116	北京路	1	6			2	27	117
117	团一大广场	1	6			2	116	118	
118	东湖	1	6			2	4	117
119	黄花岗	1	6			2	96	120
120	沙河顶	1	6			2	119	121
121	天平架	1	6			2	64	120	
122	长	1	6			2	39	123
123	植物园	1	6			2	122	124
124	龙洞	1	6			2	123	125
125	柯木i	1	6			2	124	126
126	高塘石	1	6			2	125	127
127	黄陂	1	6			2	126	128
128	金峰	1	6			2	127	129
129	暹岗	1	6			2	128	130
130	苏元	2	6	12		4	129	131	203	204
131	萝岗	1	6			2	130	132
132	香雪	1	6			1	131
133	谢村	1	7			2	37	134
134	钟村	1	7			2	51	133	
135	南村万博	1	7			2	51	136
136	员岗	1	7			2	135	137
137	板桥	1	7			2	82	136	
138	蛐	1	8			1	139
139	亭岗	1	8			2	138	140
140	石井	1	8			2	139	141
141	小坪	1	8			2	140	142
142	石潭	1	8			2	141	143
143	聚龙	1	8			2	142	144
144	上步	1	8			2	143	145
145	同德	1	8			2	144	146
146	鹅掌坦	1	8			2	145	147
147	西村（）	1	8			2	9	146	
148	华林寺	1	8			2	9	114
149	同福西	1	8			2	114	150
150	凤凰新村	1	8			2	149	151
151	沙园	2	8	13		4	150	152	228	229
152	宝岗大道	1	8			2	30	151	
153	晓港	1	8			2	30	154
154	中大	1	8			2	153	155	
155	鹭江	1	8			2	46	154
156	赤岗	1	8			2	46	157
157	磨碟沙	1	8			2	156	158
158	新港东	1	8			2	157	159
159	琶洲	1	8			2	85	158	
160	飞鹅岭	1	9			1	161
161	花都汽车城	1	9			2	160	162
162	广州北站	1	9			2	161	163
163	花城路	1	9			2	162	164
164	花果山公园	1	9			2	163	165
165	花都广场	1	9			2	164	166
166	马鞍山公园	1	9			2	165	167
167	莲塘	1	9			2	166	168
168	清布	1	9			2	167	169
169	清塘	1	9			2	56	168	
170	新沙	1	10			1 	171
171	官湖	1	10			2	170	172
172	新塘	1	10			2	171	173
173	白江	1	10			2	172	174
174	沙村	1	10			2	173	175
175	南岗	1	10			2	174	176
176	夏园	1	10			2	175	177
177	南沙神庙	1	10			2	176	178
178	双岗	1	10			2	177	179
179	裕丰围	1	10			2	105	178
180	东风	1	11			1	181
181	从化客运站	1	11			2	180	182
182	赤草	1	11			2	181	183
183	神岗	1	11			2	182	184
184	太平	1	11			2	183	185
185	新和	2	11	15		3	184	186	238
186	马沥	1	11			2	185	187
187	钟落潭	1	11			2	186	188
188	竹料	1	11			2	187	189
189	太和	1	11			2	188	190
190	夏良	1	11			2	189	191
191	白云东平	1	11			2	16	190	
192	增城广场	1	12			1	193
193	钟岗	1	12			2	192	194
194	山田	1	12			2	193	195
195	朱村	1	12			2	194	196
196	凤岗	1	12			2	195	197
197	坑贝	1	12			2	196	198
198	中新	1	12			2	197	199
199	镇龙	2	12	15		3	198	200	245
200	镇龙西	1	12			2	199	201
201	金坑	1	12			2	200	202
202	长平	1	12			2	201	203
203	水西	1	12			2	130	202
204	科学城	1	12			2	130	205
205	神舟路	1	12			2	204	206
206	天河智慧城	1	12			2	205	207
207	大观南路	1	12			2	88	206	
208	棠东	1	12			2	88	209
209	天河公园	1	12			2	208	101
210	新城东 	1	13			1	211
211	东平	1	13			2	210	212
212	世纪莲	1	13			2	211	213
213	澜石	1	13			2	212	214
214	魁奇路	1	13			2	213	215
215	季华园	1	13			2	214	216
216	同济路	1	13			2	215	217
217	祖庙	1	13			2	216	218
218	普君北路	1	13			2	217	219
219	朝安	1	13			2	218	220
220	桂城	1	13			2	219	221
221	南桂路	1	13			2	220	222
222	岗	1	13			2	221	223
223	千灯湖	1	13			2	222	224
224	金融高新区	1	13			2	223	225
225	龙溪	1	13			2	224	226
226	菊树	1	13			2	15	225	
227	鹤洞	1	13			2	15	228
228	沙涌	1	13			2	151	227	
229	燕岗	1	13			2	151	230
230	石溪	1	13			2	33	229	
231	体育中心南	1	14			2	65	232
232	天河南	1	14			2	231	233
233	黄埔大道	1	14			2	232	234
234	妇儿中心	1	14			2	233	235
235	花城大道	1	14			2	234	236
236	大剧院	1	14			2	235	237	
237	海心沙	1	14			2	45	236	
238	红卫	1	15			2	185	239
239	新南	1	15			2	238	240
240	枫下	1	15			2	239	241
241	知识城	1	15			2	240	242
242	何棠下	1	15			2	241	243
243	旺村	1	15			2	242	244
244	汤村	1	15			2	243	245
245	镇龙北	1	15			2	199	244		